W6-12 v21 audit3 summary (Q* dual-audit + perturbation bounds) — 2026-02-17

Project: idea-runs/projects/pion-gff-bootstrap-positivity-pilot-2026-02-15
Q*: 15.438084455604 (m_pi^2 units)

== Clarabel ==
run_results: /Users/fkg/Coding/Agents/Autoresearch/idea-runs/projects/pion-gff-bootstrap-positivity-pilot-2026-02-15/runs/2026-02-16-a-bochner-k0-socp-v21-dispersion-grid200-enf200-qstar-audit3-clarabel/results.json
termination_status: OPTIMAL
A_min_primal: 0.007013836765751423
dual_obj_recomputed: 0.018320018652862195
tail_const_analytic: -0.011306175355874644
A_min_dual_audit: 0.007013843296987551
stationarity_inf_norm: 8.999253363963008e-08
perturbation_bound_dot: 0.005690372358430427
A_min_certified_dot: 0.0013234709385571246
A_min_certified_l1: -0.0055046041874255835
dual_cone_violations: 0
dual_cone_min_margin: 1.7535404755454187e-13
min_residuals: {'norm_eq_abs': 6.504008442931308e-09, 'modulus_min_margin': 1.1099517894932272e-08, 'asr_eq_abs': 1.2572343166539213e-10, 'asr_eq': 1.2572343166539213e-10, 'norm_eq': -6.504008442931308e-09, 'soc_min_margin': 3.372166611609965e-12, 'k0_min_margin': 1.7140922063484868e-10}

== ECOS ==
run_results: /Users/fkg/Coding/Agents/Autoresearch/idea-runs/projects/pion-gff-bootstrap-positivity-pilot-2026-02-15/runs/2026-02-16-a-bochner-k0-socp-v21-dispersion-grid200-enf200-qstar-audit3-ecos/results.json
termination_status: OPTIMAL
A_min_primal: 0.018061227487672096
dual_obj_recomputed: 0.029367402848195587
tail_const_analytic: -0.011306175355874644
A_min_dual_audit: 0.018061227492320944
stationarity_inf_norm: 4.0647640909619546e-06
perturbation_bound_dot: 0.2841954010657351
A_min_certified_dot: -0.2661341735734141
A_min_certified_l1: -0.7366411379046611
dual_cone_violations: 0
dual_cone_min_margin: 9.504422968525622e-15
min_residuals: {'norm_eq_abs': 1.3696624234782462e-07, 'modulus_min_margin': 1.972005711503577e-09, 'asr_eq_abs': 6.1668359307986975e-09, 'asr_eq': -6.1668359307986975e-09, 'norm_eq': 1.3696624234782462e-07, 'soc_min_margin': 4.7540044161201343e-11, 'k0_min_margin': 1.6604646970408033e-10}
